run_right
8
20
15
20
12
43
17
39
22
40
28
54
34
19
22
30
22
run_left
8
15
26
28
27
15
39
14
33
12
26
12
22
20
18
33
21
jump_right
6
50
38
48
6
46
8
41
35
42
37
40
45
jump_left
6
14
50
12
12
13
19
17
48
16
51
12
60
wait_right
2
31
15
30
14
wait_left
2
13
15
12
17
attack_right
8
40
44
18
25
17
27
53
22
56
74
52
23
16
27
18
25
attack_left
8
21
24
54
26
19
22
23
74
19
22
54
27
21
24
16
43
