run_right
8
7
15
56
82
73
15
43
82
126
15
56
82
197
15
51
82
260
15
56
82
323
15
69
82
403
15
47
82
465
15
45
82
run_left
8
3
128
45
88
63
128
47
88
121
128
69
88
198
128
56
88
265
128
51
88
331
128
56
88
398
128
43
88
450
128
56
88
jump_right
6
0
240
67
102
74
240
61
102
145
240
59
102
213
240
58
102
281
240
58
102
354
240
52
102
jump_left
6
5
349
67
116
73
349
62
116
146
349
59
116
214
349
58
116
289
349
58
116
356
349
52
116
attack_right
8
4
483
57
95
67
483
40
95
113
483
71
95
202
483
73
95
288
483
80
95
389
483
72
95
471
483
70
95
572
483
39
95
attack_left
8
16
605
39
99
86
605
70
99
166
605
72
99
259
605
80
99
352
605
73
99
443
605
71
99
520
605
40
99
566
605
57
99
wait_right
2
612
40
44
60
664
40
44
60
wait_left
2
600
155
44
57
652
155
44
57
victory
1
638
281
64
95
/end
